4294967279,94
4294967279,96
4294967279,95
4294967278,407
4294967279,505
4294967278,175
4294967279,330
4294967278,404
4294967278,172
4294967279,98
4294967279,97
4294967279,394
4294967294,1569
4294967278,170
4294967279,329
4294967278,400
4294967279,328
4294967278,326
4294967279,102
4294967279,101
4294967279,100
4294967279,99
4294967278,167
4294967279,107
4294967279,106
4294967279,105
4294967279,104
4294967279,103
4294967279,389
4294967278,324
4294967279,388
4294967278,323
4294967279,387
4294967278,164
4294967279,386
4294967278,321
4294967279,164
4294967278,162
4294967279,110
4294967279,109
4294967279,108
4294967279,163
4294967278,319
4294967279,325
4294967278,160
4294967279,115
4294967279,114
4294967279,113
4294967279,112
4294967279,111
4294967279,161
4294967278,317
4294967279,317
4294967278,158
4294967279,159
4294967279,120
4294967279,119
4294967279,118
4294967279,117
4294967279,116
4294967278,315
4294967279,157
4294967278,156
4294967279,156
4294967278,313
4294967279,314
4294967278,154
4294967279,154
4294967279,312
4294967278,310
4294967279,327
4294967278,151
4294967279,151
4294967279,124
4294967279,123
4294967279,122
4294967279,121
4294967279,465
4294967278,6
4294967278,5
4294967278,4
4294967279,132
4294967279,131
4294967279,130
4294967279,129
4294967279,128
4294967279,127
4294967279,126
4294967279,125
4294967278,149
4294967279,308
4294967278,306
4294967279,148
4294967278,147
4294967279,306
4294967278,304
4294967279,146
4294967278,145
4294967278,33
4294967278,28
4294967278,26
4294967278,25
4294967278,24
4294967278,23
4294967278,22
4294967278,20
4294967278,293
4294967278,17
4294967278,394
4294967278,16
4294967278,267
4294967278,15
4294967278,14
4294967278,281
4294967278,13
4294967278,12
4294967278,11
4294967278,10
4294967278,9
4294967278,8
4294967278,7
4294967279,88
4294967294,1192
4294967294,522
4294967294,980
4294967278,32
4294967278,302
4294967278,31
4294967278,301
4294967279,343
4294967279,302
4294967278,30
4294967278,300
4294967279,301
4294967278,29
4294967278,299
4294967279,141
4294967278,140
4294967279,140
4294967279,299
4294967278,27
4294967278,139
4294967278,297
4294967278,138
4294967278,276
4294967279,137
4294967279,133
4294967278,136
18,6
4294967279,136
18,5
4294967278,135
18,4
4294967279,135
18,3
18,2
18,1
4294967279,134
4294967278,134
4294967278,21
4294967278,274
4294967278,273
4294967279,448
4294967278,18
4294967279,447
4294967279,296
4294967278,19
4294967279,274
17,0
17,6
4294967279,294
4294967279,462
4294967279,289
4294967279,260
4294967279,292
4294967279,269
4294967279,287
4294967279,335
4294967279,267
4294967279,266
4294967279,263
4294967279,265
17,5
17,4
4294967279,264
17,2
17,1
4294967279,285
4294967279,262
4294967279,284
4294967279,464
4294967279,259
14,0
14,5
4294967279,281
4294967278,409
4294967278,408
4294967278,50
4294967278,49
4294967278,48
4294967278,47
4294967278,46
4294967278,45
4294967278,44
4294967278,43
4294967278,42
4294967278,41
4294967278,40
4294967278,39
4294967278,38
4294967278,37
4294967278,36
4294967278,35
4294967278,34
4294967278,415
4294967278,380
4294967278,256
4294967278,379
4294967279,473
4294967278,378
4294967278,384
4294967278,383
4294967278,411
4294967278,254
4294967278,253
4294967278,252
16,6
16,5
4294967278,250
16,4
16,3
16,2
16,1
4294967278,248
4294967278,247
4294967278,240
4294967294,1180
4294967294,1368
4294967294,1374
4294967294,395
4294967294,1361
4294967294,1022
4294967294,1381
4294967294,1369
4294967294,1378
4294967294,167
4294967294,1677
4294967294,1358
4294967294,1615
4294967294,1673
4294967294,1562
4294967294,109
4294967294,116
4294967294,114
4294967278,414
15,0
15,6
4294967279,342
4294967279,341
4294967294,89
4294967278,373
4294967278,372
4294967278,234
4294967294,38
4294967294,36
4294967278,232
4294967278,413
4294967278,230
4294967278,226
15,5
4294967278,224
15,4
15,2
15,1
4294967279,340
4294967278,222
4294967278,221
4294967278,214
4294967278,217
12,0
12,5
4294967278,53
4294967278,52
4294967278,51
4294967278,371
4294967278,370
4294967278,369
4294967278,209
4294967278,367
4294967278,368
4294967278,57
4294967278,56
4294967278,55
4294967278,54
4294967278,366
4294967278,365
4294967278,203
14,4
4294967278,202
14,2
14,1
4294967278,359
4294967294,426
4294967278,201
4294967278,60
4294967278,59
4294967278,58
4294967279,199
4294967278,197
4294967279,198
13,4
4294967278,196
13,3
13,2
13,1
4294967278,353
4294967279,197
4294967278,195
4294967279,85
4294967279,84
4294967279,82
4294967279,81
4294967279,80
4294967279,79
4294967279,76
4294967279,74
4294967279,510
4294967278,351
4294967278,193
4294967278,352
4294967279,509
4294967279,508
